0.00039291,-0.91403,3
-0.9955,0.16081,2
-0.21416,-0.73954,1
0.36751,-0.47282,3
-0.26119,0.42286,2
-0.56648,-0.8534,1
-0.51301,-0.29614,1
-0.89618,-0.65421,1
-0.3905,0.52731,2
0.58032,-0.49494,3
0.63623,-0.85312,3
0.99744,0.73567,4
-0.03007,0.17146,2
0.84244,-0.21253,3
0.83571,0.43997,4
0.42537,-0.55648,3
-0.52418,0.54406,2
0.25785,-0.18524,3
0.32653,-0.85099,3
-0.91228,0.87124,2
-0.059451,-0.12616,1
-0.058849,-0.97904,1
0.7621,0.87125,4
-0.58643,-0.36108,1
-0.36292,-0.61394,1
0.9504,0.32256,4
-0.7616,-0.49767,1
-0.52881,-0.74678,1
0.19413,0.58148,4
0.35816,-0.69153,3
0.5154,0.013001,4
-0.67787,0.57318,2
0.34168,-0.53526,3
-0.0431,0.51303,2
-0.028479,0.72156,2
0.25976,-0.095167,3
0.15449,0.22722,4
-0.31408,0.50797,2
0.74162,-0.22981,3
-0.9516,0.52422,2
0.94923,-0.49768,3
-0.80793,0.97252,2
-0.53791,0.85417,2
0.68354,0.55211,4
-0.99028,0.1795,2
-0.063824,-0.37547,1
0.51397,0.38045,4
0.59135,-0.4304,3
0.50724,-0.12708,3
-0.72975,0.63839,2
0.47263,-0.93214,3
0.062511,-0.32519,3
-0.63111,-0.128,1
-0.65294,-0.43836,1
-0.77997,0.89474,2
-0.3889,-0.22886,1
0.25487,0.62671,4
-0.25677,0.88474,2
-0.8542,-0.8702,1
0.15084,-0.7626,3
0.60235,0.88584,4
0.47811,-0.60454,3
-0.73585,-0.15095,1
0.32732,-0.3585,3
-0.88092,0.80515,2
0.12369,0.58566,4
0.63873,-0.19842,3
-0.80053,0.43593,2
-0.49387,0.6023,2
-0.20134,0.4223,2
-0.67639,0.32285,2
0.5187,-0.094637,3
-0.89057,0.17315,2
0.033162,0.27857,4
-0.9211,-0.31503,1
-0.98978,0.63203,2
0.032064,0.65728,4
-0.7234,-0.95376,1
-0.38436,0.50677,2
-0.753,0.14016,2
0.45133,-0.17573,3
0.46093,0.43957,4
0.84221,-0.6795,3
-0.99304,-0.63522,1
-0.25531,0.86075,2
-0.35304,0.32859,2
-0.78986,-0.81689,1
-0.83368,-0.30406,1
0.35963,-0.88195,3
-0.83447,0.88913,2
-0.55678,-0.51601,1
0.40811,0.92324,4
-0.070401,0.62218,2
-0.95595,0.018186,2
0.8819,-0.92105,3
-0.78854,-0.88429,1
0.41235,-0.79611,3
-0.96218,0.057079,2
0.8591,0.42617,4
-0.043338,0.98226,2
-0.98393,-0.53005,1
0.9759,0.5423,4
0.30907,-0.052897,3
0.64397,-0.16855,3
-0.78623,-0.49861,1
-0.31144,0.67837,2
-0.59595,0.038469,2
0.30209,-0.77212,3
-0.0026685,-0.0077327,1
0.041369,-0.022747,3
0.058173,0.7381,4
-0.53187,-0.97304,1
-0.48213,0.06578,2
0.35781,0.77922,4
-0.53792,0.052751,2
-0.78573,-0.768,1
0.082764,-0.27622,3
-0.09182,-0.35957,1
-0.40285,-0.20989,1
0.75103,-0.85467,3
0.35406,0.87462,4
-0.46239,0.56971,2
0.56102,0.82787,4
0.91503,0.62507,4
-0.92977,0.47466,2
-0.52243,-0.78025,1
0.091584,0.14517,4
-0.94543,-0.99109,1
0.65755,0.74596,4
0.21237,-0.19164,3
-0.39786,0.50156,2
-0.085614,-0.97818,1
-0.65589,0.84522,2
0.52708,-0.025779,3
0.93558,-0.50021,3
-0.88518,-0.11962,1
-0.44577,-0.31874,1
0.12951,0.87838,4
0.75133,-0.39702,3
-0.94895,-0.90911,1
-0.21021,-0.016755,1
-0.20313,0.98266,2
-0.86073,-0.049489,1
-0.028052,0.27552,2
0.64801,0.34883,4
-0.72233,0.55536,2
0.41947,-0.34568,3
0.80578,0.78381,4
-0.298,-0.92267,1
-0.65464,-0.82731,1
-0.4611,0.19591,2
-0.78633,-0.94507,1
0.49336,0.17818,4
0.87813,0.45693,4
0.23853,0.62884,4
0.30196,0.76735,4
-0.48745,0.73298,2
0.18152,0.89613,4
-0.80375,-0.74952,1
-0.38368,0.43511,2
-0.14683,0.61123,2
0.67812,-0.025163,3
0.62688,-0.48995,3
-0.83514,-0.29529,1
-0.013682,-0.23892,1
0.83738,-0.83795,3
-0.78285,0.10116,2
0.89455,0.73587,4
-0.20483,0.1987,2
-0.48883,-0.59134,1
0.018553,-0.88369,3
0.69843,0.29593,4
-0.60414,0.19907,2
0.96059,-0.81547,3
0.51235,0.77437,4
0.45216,0.085229,4
0.22533,-0.57046,3
0.69109,-0.2784,3
0.0096786,-0.96861,3
0.67971,-0.33208,3
0.059313,0.23725,4
0.54346,-0.70332,3
0.20382,0.30183,4
0.9985,-0.96233,3
0.018266,-0.68347,3
0.69603,-0.53636,3
0.8453,0.92115,4
0.78557,-0.84207,3
-0.30945,-0.70887,1
-0.77136,0.52597,2
0.0029966,-0.90121,3
0.61697,-0.9243,3
0.59646,0.5785,4
-0.31644,0.086372,2
0.27762,-0.65359,3
0.19532,-0.51336,3
-0.85719,-0.31049,1
0.38212,0.51904,4
0.25104,-0.69207,3
-0.89067,0.65532,2
-0.22841,-0.22841,1
-0.13196,0.49732,2
0.53056,0.25839,4
0.038395,-0.56713,3
0.5418,0.97453,4
0.64739,-0.56114,3
0.88841,0.80976,4
0.70194,0.2596,4
0.31642,0.5029,4
-0.20571,0.13044,2
0.76094,0.25141,4
-0.72478,-0.84833,1
-0.18343,0.16633,2
0.20314,-0.63657,3
0.31962,0.27027,4
0.95966,0.88788,4
0.58237,-0.20622,3
-0.83888,-0.62341,1
0.032504,-0.035865,3
0.73083,0.32429,4
0.086869,0.30903,4
-0.6131,-0.39741,1
-0.30503,0.034691,2
0.15454,0.89562,4
0.13004,0.18443,4
-0.042416,-0.1818,1
-0.029417,-0.55793,1
0.86691,-0.56873,3
-0.9899,-0.70967,1
0.6466,0.28442,4
0.30084,-0.19148,3
-0.89674,0.12452,2
0.36553,0.15552,4
-0.42234,-0.042258,1
-0.55238,0.16819,2
-0.5283,-0.38118,1
0.9906,-0.88527,3
0.096911,0.6774,4
0.997,-0.97248,3
-0.82758,0.72942,2
0.24571,-0.91883,3
-0.49542,0.30842,2
0.45251,0.8805,4
0.21711,-0.46709,3
-0.1676,0.16115,2
-0.93921,0.57864,2
-0.99984,0.26571,2
-0.35885,-0.99582,1
0.8915,-0.19268,3
-0.78944,-0.87563,1
-0.070362,-0.32833,1
0.43911,0.42879,4
0.85552,0.27281,4
0.19271,0.47654,4
0.46778,-0.41074,3
-0.1503,0.7477,2
-0.5386,-0.14769,1
-0.97897,0.4341,2
-0.55754,-0.7694,1
0.46007,0.35206,4
0.53023,0.76987,4
0.44932,0.9754,4
-0.043073,0.76915,2
0.4915,0.98929,4
0.16206,-0.10895,3
-0.96116,-0.054763,1
0.58278,0.46624,4
-0.81456,0.95595,2
0.90261,-0.61923,3
0.79327,0.33361,4
-0.30243,0.77555,2
-0.15026,-0.59501,1
0.62288,0.70239,4
0.11863,-0.12,3
0.59416,0.91275,4
-0.53866,-0.98148,1
-0.83097,-0.14069,1
0.9734,-0.70261,3
0.17393,0.53638,4
0.76049,0.78371,4
-0.9462,-0.957,1
-0.2429,-0.6516,1
-0.43005,-0.45552,1
0.32598,-0.055257,3
-0.72182,0.45876,2
0.088618,-0.32487,3
-0.9778,-0.77542,1
-0.035292,0.074094,2
0.24039,0.41587,4
-0.92197,-0.32455,1
-0.25331,0.41591,2
0.47858,-0.62363,3
-0.72187,-0.91304,1
0.64042,0.29245,4
0.2877,0.71636,4
-0.80588,-0.78347,1
0.68805,0.50905,4
0.76397,0.22621,4
-0.89456,0.97921,2
-0.94056,0.7963,2
0.062741,0.77401,4
0.10357,0.59256,4
0.083965,0.06183,4
0.93359,0.61525,4
-0.71681,0.3322,2
0.45993,0.45171,4
-0.29507,0.9051,2
-0.93775,0.3971,2
-0.69545,-0.93153,1
0.44303,0.71901,4
0.85062,0.36126,4
0.044499,0.13682,4
-0.69403,0.42241,2
-0.96281,-0.0042315,1
-0.11636,-0.44352,1
0.48071,-0.94561,3
0.051167,-0.98316,3
-0.75723,-0.31481,1
0.53494,-0.41632,3
-0.18257,0.10316,2
0.55831,-0.31455,3
0.7147,0.60297,4
0.98506,-0.3099,3
0.1213,-0.99762,3
-0.27261,0.007541,2
0.84172,-0.8196,3
-0.32748,0.31183,2
0.61414,0.89812,4
0.34345,0.69821,4
0.30323,-0.86644,3
-0.67091,-0.55002,1
-0.43149,0.36449,2
0.4574,-0.63135,3
-0.62313,-0.63896,1
0.22319,0.41129,4
0.68296,-0.79,3
0.72203,-0.92827,3
0.9952,0.55266,4
0.41894,-0.006437,3
-0.52955,-0.82566,1
-0.51906,0.75403,2
0.65542,0.98883,4
0.62569,0.13843,4
-0.045333,-0.87812,1
0.82343,-0.048762,3
0.70749,-0.92691,3
0.10767,-0.1338,3
0.32453,-0.44701,3
-0.97727,0.57497,2
0.16174,-0.21729,3
-0.39162,-0.27183,1
-0.72352,-0.58916,1
0.52998,-0.54068,3
0.9298,0.17382,4
-0.11725,-0.011277,1
0.64372,-0.66565,3
0.84617,0.66296,4
-0.44087,-0.60112,1
-0.92909,0.5542,2
-0.081493,0.033331,2
0.63269,-0.59552,3
0.078882,0.80928,4
-0.61247,-0.085386,1
0.6481,0.22255,4
-0.43259,-0.81786,1
0.92253,-0.8331,3
0.09456,0.1101,4
-0.94298,-0.98517,1
0.24175,-0.51276,3
0.72707,-0.65155,3
0.42135,0.88539,4
0.9037,0.45706,4
0.92827,-0.1358,3
0.27781,-0.17982,3
0.32118,0.87316,4
-0.5081,-0.057732,1
-0.74245,-0.076131,1
0.46332,0.16145,4
-0.078639,-0.68987,1
-0.86856,0.29915,2
0.22545,-0.17795,3
0.74297,0.82327,4
0.40544,0.82532,4
0.76084,-0.36535,3
0.51284,-0.045864,3
0.0087111,-0.799,3
0.62086,0.20554,4
-0.93592,-0.59971,1
0.59162,-0.53032,3
0.63933,-0.087519,3
-0.0079065,-0.067606,1
-0.40807,-0.54371,1
-0.40011,-0.75378,1
-0.14069,0.17389,2
-0.02986,-0.375,1
0.38246,-0.95665,3
-0.9912,-0.79357,1
-0.35204,0.63462,2
-0.3468,-0.94184,1
0.37253,0.50133,4
