-0.5439,-0.75046,-0.25722,0.7713,0.404,-0.12647,7
-0.29737,0.99087,-0.10682,-0.16653,-0.48325,0.58592,18
-0.76441,-0.41616,-0.047242,-0.2911,-0.43452,0.28863,2
-0.79373,0.42698,0.22959,0.68638,0.51933,-0.045838,31
0.86745,0.78402,-0.13141,0.54765,0.70408,0.42636,56
0.13144,-0.75968,0.12266,-0.96784,0.34977,-0.66204,43
-0.37407,-0.54855,-0.30187,0.044195,-0.95685,-0.28103,5
-0.3928,0.8232,-0.74191,0.52585,-0.03074,0.31217,22
0.83898,0.076814,-0.14812,0.67243,-0.42626,0.83863,54
0.79105,-0.95196,-0.10578,-0.74051,-0.63951,-0.60213,33
-0.6867,-0.044632,0.93997,0.3184,-0.96741,0.65237,14
-0.80823,0.53864,-0.075258,0.99463,-0.79272,0.16901,22
-0.082148,0.55575,-0.49635,0.44855,-0.58517,0.70867,22
0.3207,-0.69475,-0.54431,0.14363,0.76221,-0.75163,39
-0.4361,-0.030066,0.48999,-0.17654,0.70968,-0.16044,11
-0.43654,0.0028431,-0.36434,0.58125,0.65599,0.40331,24
-0.7404,0.99662,0.66856,0.80615,0.61085,-0.94234,31
0.29969,0.59659,0.36155,0.22601,0.07561,0.06408,64
0.89237,-0.32711,-0.62717,-0.91814,0.97803,-0.12873,35
-0.50579,0.9472,0.69714,-0.45415,0.96991,-0.32391,27
-0.74412,0.90482,0.14955,0.62872,-0.51232,0.94468,30
0.68467,-0.9843,0.53541,0.27658,0.55808,-0.31096,47
0.37759,-0.56922,0.6882,0.321,-0.3405,0.029685,46
-0.84672,-0.97626,0.47981,-0.93106,-0.59362,0.63396,10
0.025949,0.46713,-0.16266,0.55422,0.71768,0.052001,56
-0.30339,-0.89961,-0.98912,-0.12793,-0.26903,-0.12612,1
0.50942,-0.2571,0.14593,-0.43508,-0.13143,0.69132,42
0.15546,-0.46392,-0.55732,-0.89853,0.32796,-0.9408,35
0.59058,0.57268,0.38608,0.075218,0.64014,0.47039,64
0.15815,0.67294,0.1739,-0.37545,-0.67587,-0.50691,57
-0.7627,-0.6487,0.033899,-0.49495,0.68953,-0.54088,11
0.77508,0.028224,-0.75308,0.45429,0.7164,0.404,56
0.26481,-0.52402,0.36086,-0.92375,-0.17293,0.19016,42
0.58901,0.4395,-0.066323,-0.51043,-0.47399,-0.51435,49
-0.89145,-0.082485,-0.89512,-0.12578,0.36144,0.46494,4
0.20647,0.25601,0.38115,0.66627,0.099429,-0.27279,63
-0.72086,-0.52154,0.42675,0.75463,-0.83658,-0.12821,13
-0.30295,0.002901,0.27337,-0.183,-0.98016,-0.36417,25
-0.01654,-0.69365,0.11968,0.62126,-0.10503,0.34042,14
-0.4041,-0.91752,0.073457,0.99983,0.3689,-0.29846,15
0.79432,-0.44901,0.62882,0.074401,-0.90535,0.68522,46
-0.20152,-0.090423,-0.53529,-0.68663,0.1903,0.73726,4
-0.078252,0.19204,-0.93008,0.25035,0.27815,0.13867,24
-0.49272,-0.43005,-0.72243,0.96925,0.5004,0.12979,8
-0.12935,0.71795,-0.69683,0.032836,0.81109,0.82185,24
0.39354,0.030685,-0.98479,0.37121,0.64636,0.90262,56
-0.69456,-0.31767,-0.68547,0.47642,-0.5761,0.9956,6
0.34136,-0.89126,0.89434,0.58311,-0.80847,-0.96325,45
0.5143,-0.14656,-0.51265,0.93992,-0.36079,-0.70113,37
-0.063438,-0.29289,0.31879,0.73791,-0.77878,-0.76784,13
0.37266,0.24803,0.069309,-0.51313,0.63611,-0.83129,59
0.50429,0.63711,-0.8466,-0.4394,0.18644,-0.87261,51
0.95892,0.065066,0.14891,-0.59103,0.086218,-0.87665,59
0.36557,0.10079,0.052315,0.22394,-0.43816,-0.81962,61
0.41607,-0.52988,0.13525,0.22591,-0.60604,0.19813,46
-0.18445,-0.25608,-0.3554,0.7823,-0.051346,-0.77064,5
0.36821,-0.36373,-0.24835,-0.39948,-0.68644,0.36279,34
0.53772,-0.38017,0.43223,0.12479,0.46835,0.4736,48
-0.70997,-0.25021,0.71699,0.83103,-0.82533,-0.70932,13
-0.97889,-0.17013,-0.889,0.33261,-0.16603,-0.49854,5
0.3778,-0.60917,-0.18723,-0.35757,0.47147,0.36773,36
0.42709,0.91326,-0.54006,-0.20354,-0.45904,-0.61593,49
-0.92755,0.88,-0.42742,0.59065,-0.22038,0.12323,22
0.56903,-0.46695,-0.88909,0.59258,-0.83918,0.93983,38
-0.31466,-0.074303,-0.38225,0.13443,0.93921,-0.63495,7
-0.93756,-0.58344,-0.37095,0.58004,-0.57003,0.81801,6
0.23415,-0.035159,0.8476,-0.89621,-0.5252,0.69593,42
0.076658,-0.86045,-0.90763,-0.90658,0.26171,-0.29503,35
-0.83487,-0.96417,-0.30363,0.87239,0.96851,0.32379,8
-0.56748,-0.73482,-0.8374,0.82741,0.047476,0.3624,8
0.11267,-0.53261,-0.41989,-0.49123,-0.40626,-0.023955,33
-0.73444,-0.46262,-0.22443,-0.21028,0.17346,-0.039242,3
0.17731,-0.97648,-0.15074,-0.38044,-0.38982,0.058562,34
0.99067,-0.896,0.88155,-0.075159,0.55351,0.14074,44
-0.37476,-0.27655,-0.13991,-0.021162,-0.10712,0.22295,2
-0.83461,0.7715,0.045395,-0.78833,-0.3431,-0.25074,25
-0.070187,0.30884,-0.61423,-0.32011,0.77506,-0.63173,19
-0.65839,-0.87041,0.41501,0.81924,0.96217,0.33262,16
0.69888,0.77254,0.6307,-0.46529,0.13061,-0.4434,59
0.11113,-0.069012,0.59855,-0.034449,0.57589,-0.41175,43
-0.1023,-0.61937,-0.33474,0.89685,0.10605,0.95584,8
-0.29493,0.6386,-0.10777,0.72629,0.25491,-0.81382,23
0.25647,0.77827,-0.95775,0.21008,-0.14907,-0.6547,53
-0.94985,0.80169,-0.84594,0.98202,0.12247,-0.058608,23
0.29462,0.013349,0.94451,-0.97688,-0.072632,-0.87886,57
-0.63035,-0.91164,0.39636,0.60247,-0.090113,-0.87292,13
0.029074,0.36319,0.30184,-0.6023,-0.63225,-0.68714,57
0.94284,0.47886,0.77571,0.99307,0.69846,0.29763,64
-0.4831,-0.077287,0.038278,0.15682,-0.6929,0.37078,14
-0.011489,0.62918,0.20463,0.8651,0.2158,-0.16095,31
-0.96333,-0.052615,-0.92938,-0.37661,0.14525,0.33713,4
-0.43221,0.19142,0.83146,-0.46557,-0.90981,-0.55332,25
-0.92544,-0.69152,-0.99742,0.64918,-0.38846,0.46504,6
-0.21077,0.70346,0.038284,0.42126,-0.36547,0.72378,30
-0.31296,0.78785,0.24393,0.2703,-0.34528,0.26755,30
0.11654,-0.15603,-0.19743,-0.59893,0.64374,-0.049237,35
0.45605,-0.02541,-0.65103,-0.098659,-0.074725,0.011479,34
0.52119,-0.70456,-0.50297,-0.67964,0.21261,0.66842,36
0.61299,-0.42321,0.2097,0.087376,0.60315,0.332,48
0.88828,0.98004,-0.55456,0.76274,0.30053,0.22632,56
0.74063,-0.07883,0.87507,-0.82821,-0.70888,0.60794,42
0.66791,-0.21463,0.13535,-0.55683,-0.1036,-0.35901,41
-0.080637,0.60362,-0.9315,-0.18938,-0.42961,0.95576,18
0.62908,-0.11846,-0.81539,-0.78746,-0.36063,0.15925,34
0.85387,0.10865,0.90158,0.33736,-0.85247,-0.2935,61
0.85407,0.28848,0.87292,-0.29267,-0.091019,0.45511,58
-0.66146,-0.79132,0.23444,0.24577,-0.67314,0.57903,14
0.020808,0.93983,0.54317,0.33801,-0.75038,0.74785,62
-0.30999,-0.28241,0.84407,0.92635,0.53094,0.64386,16
-0.28972,0.54093,0.098517,0.036809,-0.38933,-0.78412,29
-0.7821,0.29254,0.29115,-0.66952,0.64471,0.65183,28
-0.76513,-0.33162,-0.2883,0.75182,-0.013528,-0.21763,5
0.61197,0.66389,0.22348,-0.38294,0.10979,0.81958,60
-0.45281,-0.87785,0.66529,0.59567,-0.69361,-0.50653,13
-0.2818,0.31342,-0.021515,0.85802,-0.041301,-0.87925,21
-0.55583,0.77286,0.6178,-0.46218,0.35492,-0.58381,27
0.69702,-0.69723,0.96992,-0.028555,0.50114,0.42936,44
0.33259,0.45557,-0.76368,0.38805,-0.40105,-0.97088,53
-0.61167,0.33344,-0.4059,0.018514,-0.66938,0.66334,22
-0.76033,0.6799,-0.2945,0.56029,-0.45284,0.81303,22
0.94844,0.59835,0.13062,-0.42154,0.92848,-0.35975,59
0.42909,0.82998,0.39445,0.06919,0.19306,-0.15925,63
0.11764,-0.85982,0.24476,0.31814,-0.7846,-0.032819,45
-0.50686,-0.84684,-0.97241,0.28975,0.99448,-0.15103,7
-0.25557,-0.78713,-0.60013,-0.11833,0.98903,0.78706,4
-0.9488,0.68726,-0.26792,0.8199,-0.45216,-0.084131,21
-0.21433,-0.95747,-0.90327,0.83669,-0.92535,0.71198,6
0.44207,-0.97572,0.79948,0.11652,0.37374,-0.25297,47
-0.92303,-0.41535,-0.81236,0.43771,0.082158,0.54775,8
0.71371,0.17623,0.075626,0.29785,0.69183,-0.81463,63
-0.01046,0.57056,-0.56825,0.3177,0.45968,-0.14606,23
-0.22671,-0.8654,0.10605,0.9434,0.90894,0.37561,16
0.87134,-0.33079,0.46664,-0.28647,-0.62422,0.88175,42
0.043188,-0.14536,-0.94178,0.7092,0.32835,-0.19204,39
-0.77188,-0.82665,0.71327,0.94741,-0.77182,-0.2759,13
-0.74918,-0.13813,0.39225,0.49918,-0.58888,-0.76441,13
-0.92229,0.95152,-0.046942,0.48128,0.11725,0.96109,24
0.22063,0.99993,0.84338,0.74172,0.60276,0.929,64
-0.33761,0.025226,0.94373,-0.23636,0.17429,-0.87718,27
0.91829,0.3485,-0.0079956,-0.018726,0.70274,-0.76937,51
-0.93186,0.033249,0.89405,0.91848,-0.59831,0.75184,30
0.28009,-0.71601,0.90622,-0.46031,0.33858,0.265,44
-0.7369,-0.35108,-0.49862,-0.45595,0.62828,-0.22223,3
0.26891,-0.16774,-0.4203,0.8705,-0.78029,-0.30185,37
-0.63211,0.049857,-0.66913,0.65287,-0.2191,-0.45886,21
0.13061,-0.53119,0.58944,0.49669,-0.24187,-0.040691,45
0.38412,0.26171,0.015341,0.71226,0.59832,-0.64868,63
-0.43837,-0.66669,-0.59516,0.50977,-0.42508,0.23817,6
0.28684,-0.80312,-0.63705,-0.58329,0.73629,0.4357,36
-0.94988,-0.88263,0.88332,0.021395,0.51213,-0.078798,15
-0.69483,-0.53952,-0.94327,-0.95327,0.96471,-0.66221,3
0.60438,0.43743,-0.12993,-0.35125,-0.11474,0.84433,50
-0.6108,0.66889,0.39889,0.91732,-0.70084,0.043902,30
-0.86772,0.98068,0.37383,-0.57375,0.63408,0.32863,28
-0.60593,0.99084,-0.75449,0.016536,-0.97702,-0.21965,21
0.14988,-0.16328,-0.18042,0.99333,-0.027082,0.57758,38
-0.96274,0.26783,-0.90895,0.27265,0.12058,-0.14128,23
-0.7254,0.37992,0.6134,0.92711,-0.49383,-0.17564,29
-0.49202,0.43561,-0.9459,-0.90334,0.56459,-0.97301,19
0.19476,-0.13395,0.89679,0.92222,-0.56128,-0.12412,45
0.57178,-0.42,0.51483,0.12532,0.30397,0.90626,48
0.43872,-0.42264,-0.33076,0.043184,-0.58715,-0.36606,37
-0.98404,-0.67409,-0.55929,-0.20819,0.1486,0.74475,4
0.55467,0.32696,0.21547,0.62409,-0.38267,-0.68392,61
0.70968,0.69611,-0.68995,0.17776,-0.79431,-0.3135,53
0.98065,-0.46452,0.67366,0.1148,0.85276,0.32078,48
0.24681,-0.0015098,0.51438,0.20009,0.81811,-0.65634,47
0.71339,-0.43651,0.3795,-0.53286,-0.19591,-0.8652,41
-0.10433,0.93831,-0.81706,0.81799,-0.58967,0.65072,22
-0.091816,-0.2863,-0.06033,0.42186,0.30922,-0.39711,7
0.17446,-0.71483,0.4532,0.90967,0.47557,0.66454,48
-0.43041,-0.55783,-0.032575,-0.57744,-0.46791,0.45971,2
0.9966,-0.056984,0.86038,0.30187,-0.36623,0.18122,46
0.94943,-0.2791,0.80487,0.91134,-0.1501,-0.10478,45
0.41987,-0.17529,-0.0347,0.31181,0.17574,-0.22507,39
0.63915,-0.30758,-0.24302,-0.71359,-0.98116,0.49382,34
0.25405,-0.88932,0.12212,0.88125,0.51611,0.28792,48
-0.18615,0.48678,0.48914,-0.33928,0.7622,0.056857,28
0.31588,-0.91061,-0.97729,-0.50141,-0.60518,-0.56031,33
0.90605,0.11803,-0.15765,-0.74953,-0.94056,0.85458,50
0.24668,-0.43947,-0.62394,-0.83635,0.33153,-0.53622,35
0.67941,-0.72751,0.75152,-0.7347,-0.829,-0.75366,41
-0.81022,0.48933,-0.57858,0.86058,-0.49699,-0.67971,21
0.1934,0.20781,-0.85475,-0.87964,-0.45112,-0.68439,49
0.78304,-0.29695,-0.21289,0.22923,0.46725,0.79109,40
-0.015863,0.11521,-0.61561,0.51206,-0.85349,0.48566,22
0.019547,-0.9748,0.029166,-0.39155,-0.35755,-0.11014,41
0.20437,0.59692,-0.042845,-0.91588,0.7976,0.49412,52
0.94814,0.28364,-0.59797,0.75053,0.79727,-0.18969,55
0.9998,0.11377,-0.10953,0.53306,-0.69019,0.046461,54
0.79723,0.43613,0.66977,0.66509,0.49232,0.08304,64
-0.024323,-0.25355,0.88864,0.30329,-0.10857,0.49572,14
0.78439,-0.97427,0.20409,-0.72487,0.3039,-0.72777,43
-0.019869,0.45787,-0.59206,0.2073,0.72275,0.93618,24
0.60789,-0.29931,0.8383,0.9453,-0.83404,0.7033,46
0.79453,0.34946,-0.60938,-0.49748,-0.21889,0.39863,50
0.50782,-0.24216,0.52422,0.55196,-0.77285,-0.19907,45
-0.48811,0.60884,-0.95926,-0.78008,-0.92439,-0.43813,17
0.65408,-0.054642,-0.87964,0.83088,0.41533,0.58203,40
0.23493,-0.045782,0.31404,-0.71578,0.92689,0.044787,44
-0.1949,0.76588,0.68478,-0.42302,0.26835,-0.71982,27
-0.35788,-0.83383,-0.58086,0.31581,0.77768,0.85549,8
-0.010691,-0.053747,-0.30362,0.037825,-0.9994,0.38359,6
-0.54611,0.41778,0.4259,0.70262,-0.9185,-0.67222,29
-0.54604,-0.29036,0.17251,-0.44261,-0.79647,0.30898,10
-0.35406,-0.035469,0.23399,-0.85278,-0.25161,0.75768,10
-0.89268,-0.24594,-0.56661,-0.55735,-0.42426,0.67712,2
0.72058,0.6723,-0.88702,-0.887,0.5103,-0.46546,51
-0.47289,-0.77625,0.35088,0.1299,-0.44555,-0.01897,13
-0.41869,-0.73245,0.91494,-0.02711,-0.23617,-0.44285,9
0.064105,-0.99919,0.17546,-0.53823,-0.68213,0.67466,42
-0.50995,0.76678,0.49108,-0.99038,0.72929,0.023737,28
-0.21709,-0.12368,-0.88652,0.95858,-0.11797,-0.37592,5
0.61391,0.62224,0.44509,-0.91245,-0.48258,0.50277,58
-0.77785,-0.71198,-0.46477,0.2819,0.30847,-0.79687,7
-0.47663,0.49866,0.41362,-0.44237,0.35965,0.70512,28
0.93962,-0.15186,-0.3558,-0.58215,-0.99143,-0.73412,33
0.060503,0.77862,0.17623,-0.88189,0.39134,-0.28083,59
-0.74185,0.53152,0.28759,0.4725,-0.32686,-0.27191,29
0.027504,0.44945,0.47719,0.17656,-0.34172,0.12934,62
-0.035835,0.4612,0.87098,0.58083,0.77741,0.77291,32
-0.27833,-0.20403,-0.22947,0.39954,-0.33333,-0.78352,5
0.92518,-0.12372,0.97228,-0.96326,-0.75063,-0.19165,41
0.12809,-0.46275,-0.23755,0.89225,0.99252,-0.97605,39
-0.91248,-0.12341,0.26968,0.78505,-0.096144,0.12851,14
0.7658,-0.015617,-0.22068,-0.18419,0.52372,-0.018879,35
-0.23087,0.50275,0.40059,0.79446,0.26182,0.64856,32
-0.84436,0.33511,-0.53407,-0.31166,-0.85749,-0.43142,17
0.85539,0.69875,-0.28003,-0.072458,0.67716,-0.56224,51
-0.13756,-0.19595,0.056627,0.33078,0.28079,-0.7132,15
0.053127,-0.013703,-0.67676,0.28434,0.62023,0.96145,40
-0.56888,0.0906,-0.87427,0.85324,0.50914,0.32817,24
-0.36957,-0.51184,0.23426,-0.26882,0.73487,-0.47259,11
0.35225,0.89382,0.92346,0.80423,0.51645,-0.56387,63
-0.20538,0.11693,-0.48608,0.39615,0.53191,-0.13069,23
-0.17976,-0.60369,-0.59889,-0.21682,0.11335,-0.36466,3
-0.30543,0.7492,-0.49116,-0.99764,0.50353,-0.30467,19
-0.68276,-0.29057,-0.59302,-0.52455,-0.47883,-0.74102,1
0.11798,-0.54759,-0.27894,-0.66671,-0.007573,0.087431,34
0.1436,-0.17858,0.78148,0.73358,-0.66508,0.3318,46
0.27815,0.23611,0.91229,-0.93551,-0.51329,0.2919,58
-0.060052,0.23716,0.61871,-0.71647,0.93381,0.56114,28
-0.16263,-0.72831,0.9403,-0.22782,0.25874,0.72907,12
-0.58998,-0.55851,-0.34053,-0.45757,-0.41033,0.87675,2
-0.87535,-0.95081,0.084204,0.43869,-0.44486,-0.048282,13
0.35541,0.42244,-0.96197,-0.78461,-0.87343,0.80036,50
0.17352,-0.5245,0.66726,-0.49707,-0.68978,0.96399,42
-0.8975,-0.73641,-0.30357,-0.64551,0.81352,0.10551,4
0.67085,-0.97743,-0.98307,0.23803,0.65024,-0.18183,39
0.90573,0.64471,-0.36403,-0.42016,-0.74673,-0.1793,49
0.34146,-0.38619,-0.17049,-0.52425,0.67999,-0.74513,35
-0.57542,-0.32426,-0.94928,0.014817,0.84644,-0.42612,7
0.21976,0.24975,-0.10156,0.22125,-0.66913,0.58928,54
0.611,0.033612,-0.066862,0.8409,0.14146,-0.66824,55
-0.054017,0.2648,0.72671,-0.81933,0.62349,0.85562,28
-0.92352,-0.49216,0.98834,0.9468,0.026967,-0.92066,15
-0.96328,-0.99973,-0.84033,0.99326,-0.84518,0.32909,6
-0.88037,0.34073,-0.044177,0.4578,0.19626,-0.09273,23
0.83563,0.27703,-0.42438,0.62505,0.77371,-0.0055316,55
0.031079,-0.79883,-0.12692,0.90673,0.4157,0.40863,40
-0.66614,0.81112,0.68285,0.98817,0.85703,0.076524,32
0.31582,-0.14071,0.46867,0.37313,-0.75572,-0.11701,45
-0.27409,0.85342,0.93898,-0.7856,0.32227,-0.23247,27
0.11443,-0.03218,0.034014,-0.29971,0.76963,-0.4703,43
0.94367,-0.37069,-0.23906,0.45056,-0.5646,0.37079,38
0.53145,-0.17884,0.3681,-0.70454,0.37226,-0.28219,43
-0.8068,-0.83342,0.1355,0.14834,0.53314,-0.18136,15
0.59355,0.025993,0.54154,0.92913,0.84648,0.97354,64
-0.14012,0.16574,-0.92882,0.55396,0.60955,0.16418,24
0.75292,0.96819,-0.97807,0.53313,0.40654,-0.96942,55
-0.68256,0.81563,-0.49188,0.1084,-0.87007,0.57333,22
-0.56937,0.074583,-0.2732,-0.63702,0.21559,0.17601,20
0.041119,-0.72282,0.020401,0.27369,0.98943,0.72427,48
0.24523,-0.12627,0.94468,0.33157,0.13447,-0.2075,47
-0.03312,0.75745,0.31545,0.66486,-0.1974,0.69263,30
-0.50516,-0.25264,-0.8186,-0.98171,-0.44793,0.30892,2
0.21187,-0.1201,-0.0077047,0.30024,-0.97708,-0.76384,37
-0.33305,-0.31283,-0.89115,-0.091535,0.97641,-0.54437,3
0.2141,-0.60755,0.51187,0.93109,0.06169,-0.16484,47
0.059371,-0.24522,-0.42695,-0.8349,-0.23968,-0.15474,33
0.69575,-0.18756,-0.58207,-0.32397,-0.51476,-0.4411,33
-0.56518,0.12932,0.64161,0.4865,-0.38538,0.55674,30
-0.0395,-0.0060949,0.77809,-0.6253,-0.11991,0.93222,10
0.63195,0.18927,0.083564,-0.18539,0.0055999,0.61945,60
0.39582,-0.3402,-0.98107,0.051478,0.85556,-0.77354,39
-0.081976,0.38606,-0.33685,0.4289,0.33903,0.64877,24
-0.89663,0.21537,-0.092762,0.45083,0.60113,-0.82184,23
0.63096,-0.22335,-0.53557,-0.17768,-0.9878,0.50646,34
-0.50683,0.9657,-0.85168,-0.087925,-0.6335,0.26907,18
-0.77203,-0.98699,-0.57792,-0.39412,-0.31911,0.26897,2
0.52391,-0.28414,-0.034228,0.79736,-0.58713,0.70107,38
0.72125,-0.95645,0.28546,-0.8915,0.81745,-0.94457,43
-0.28787,0.072808,0.62864,0.44399,-0.53888,0.21741,30
-0.096685,-0.26776,-0.0093075,0.86744,-0.48766,-0.68671,5
-0.11378,0.0059147,0.33554,0.1597,-0.70583,-0.73528,29
0.1841,-0.61725,0.88856,-0.015991,0.14176,0.16935,44
0.42863,0.048941,-0.44034,0.4628,0.43496,-0.10185,55
-0.53566,-0.35218,-0.27233,-0.94502,0.82343,-0.51689,3
-0.17735,0.51981,-0.66965,-0.30157,0.081231,0.57694,20
-0.53877,0.31252,0.54654,0.76666,0.95679,-0.79032,31
0.50849,0.47157,-0.19732,-0.11036,-0.78649,-0.98551,49
-0.37338,-0.91549,-0.4109,-0.25871,-0.097546,0.46113,2
-0.99959,0.83666,-0.96204,0.51469,0.70758,-0.0057596,23
0.61171,-0.1279,-0.53571,-0.65823,-0.95468,0.46787,34
0.98851,0.06552,-0.22986,-0.75453,-0.7043,0.57227,50
-0.2307,0.075214,0.58492,-0.53781,-0.63067,-0.88401,25
-0.7177,-0.89306,-0.10061,0.98924,-0.40118,0.82147,6
-0.57912,0.23428,0.67817,0.47991,-0.18111,0.94338,30
-0.55328,-0.84838,0.57638,-0.41394,-0.93273,0.65662,10
0.4684,-0.42262,-0.85004,-0.81637,-0.80692,0.8342,34
0.75742,0.57199,-0.60519,0.47982,0.29114,-0.64067,55
0.45833,0.93605,-0.19894,-0.5418,0.62235,0.37513,52
0.9626,-0.37302,0.0066122,0.84441,-0.18204,0.71648,46
0.28576,-0.61899,0.32446,-0.70758,0.13798,0.90717,44
-0.37685,0.56027,0.064231,0.53565,-0.94243,0.97177,30
-0.91891,-0.0063719,-0.11745,-0.57741,-0.1729,-0.94689,1
-0.85084,0.41659,-0.96765,-0.070121,-0.077607,0.83211,18
-0.57643,-0.43418,0.14192,0.25949,-0.30371,0.33796,14
0.72154,0.33334,-0.071142,-0.73657,-0.27946,-0.70223,49
-0.0070453,0.90262,-0.51302,0.61025,0.25037,0.96964,24
0.34996,0.41655,0.14731,-0.12759,-0.36288,0.11554,58
0.38401,-0.12648,-0.48606,-0.99164,0.1567,0.26736,36
-0.65192,0.17781,0.47616,0.36585,-0.94871,-0.28598,29
-0.050656,-0.12814,0.19703,0.10433,0.76702,-0.24501,15
0.50963,0.48384,-0.032832,0.74713,0.81948,-0.42262,55
-0.6843,-0.62861,0.48099,-0.48186,-0.45609,-0.89968,9
-0.020717,-0.22635,-0.28541,0.27194,0.71493,0.48123,8
0.051884,0.7721,-0.91055,0.08394,-0.032935,-0.17295,53
-0.59831,-0.24913,-0.94008,0.2996,0.47118,-0.74729,7
0.49651,0.22448,0.7536,0.11109,-0.96528,0.60364,62
0.15064,0.060132,0.59812,-0.64162,-0.17794,0.70293,58
0.53862,0.46131,-0.074018,-0.63004,-0.85393,0.15971,50
-0.40989,0.45386,-0.4288,-0.9157,-0.79064,-0.56449,17
0.48051,-0.046286,0.80713,0.041539,-0.82623,0.036543,46
-0.48171,0.90209,0.16135,0.34404,0.28288,0.43853,32
-0.72082,0.74605,-0.18149,0.14551,-0.72389,0.42819,22
-0.38591,0.19159,0.15274,-0.962,-0.22986,-0.64554,25
-0.4126,-0.86826,0.92379,0.27956,0.79462,-0.28124,15
0.47793,-0.27309,-0.85301,-0.11335,0.47373,0.537,36
-0.11914,0.12768,-0.54064,0.31223,-0.38905,-0.80337,21
0.8843,0.92321,0.12647,0.94814,-0.78618,0.058162,62
0.28758,0.90717,-0.92147,0.69603,-0.1131,-0.6134,53
-0.34765,-0.23619,-0.873,0.72997,0.80036,-0.93567,7
0.74029,-0.1019,-0.74907,0.076813,-0.54908,0.79397,38
0.49286,0.24942,-0.48448,-0.26709,-0.97581,0.46317,50
0.87577,-0.50476,-0.27008,0.040723,-0.5765,0.94784,38
0.86742,-0.24539,0.65306,0.6455,0.040038,0.73145,48
0.68292,-0.40929,-0.96218,-0.49383,-0.34041,0.17881,34
-0.067113,0.014739,-0.33716,-0.56895,0.63831,-0.14886,19
-0.88333,-0.069128,0.17408,-0.26484,-0.09497,0.25854,10
-0.72782,0.39377,0.65667,-0.28818,0.68343,-0.011998,27
0.9601,0.45266,-0.74376,0.31492,0.23641,-0.87024,55
-0.42258,0.36566,0.17907,0.99089,-0.95004,0.18122,30
-0.60804,0.70577,-0.18352,0.061062,-0.33758,0.18569,22
0.72189,-0.24007,-0.8815,0.48958,-0.58803,-0.52342,37
0.028283,0.10074,-0.0077919,-0.90928,0.28285,0.97048,52
0.48939,0.091378,-0.58647,-0.69548,0.72374,0.61517,52
0.66123,-0.85171,0.052042,0.69091,-0.44638,-0.79288,45
-0.63705,0.55689,0.48145,-0.80404,-0.24694,-0.37002,25
0.208,0.031438,0.6337,-0.73274,0.70995,-0.75286,59
0.9331,0.25735,0.89956,-0.44718,-0.1114,-0.31986,57
-0.068229,-0.48443,0.038684,-0.59662,0.88831,-0.89232,11
0.42747,-0.58148,0.11875,0.29696,0.40857,0.274,48
-0.50573,0.20164,-0.46241,-0.44568,-0.23804,-0.82299,17
-0.48601,0.36245,0.29766,0.93245,-0.28009,0.5813,30
0.51123,-0.93305,-0.96716,0.6106,0.39784,-0.71669,39
-0.7598,0.39137,0.60377,0.34268,-0.42147,0.30154,30
-0.43676,-0.93026,0.0054454,-0.73033,0.44997,0.92123,12
0.21847,0.088005,-0.46158,0.33443,0.48077,-0.26728,55
0.16179,-0.82129,-0.68316,0.95754,-0.72136,0.47919,38
-0.92075,-0.93347,0.76427,-0.26512,-0.40061,0.97354,10
0.033173,-0.53609,0.79014,0.98119,0.43824,-0.2881,47
-0.76794,0.90902,0.50318,0.38356,-0.093293,-0.59031,29
-0.25204,0.76396,0.70757,0.2374,0.50029,0.79251,32
-0.41025,-0.28303,-0.0070416,0.14223,-0.26505,0.080427,6
-0.85994,0.50974,0.035249,-0.55408,-0.32818,0.40897,26
-0.65577,-0.97393,0.33181,0.38026,-0.13728,-0.41994,13
-0.47778,-0.26333,0.74945,0.89705,0.98321,-0.22325,15
0.48643,0.82855,-0.20816,-0.66952,-0.21144,-0.12035,49
-0.34962,-0.67161,-0.048742,0.74594,-0.37869,0.94343,6
-0.11129,0.2992,-0.68634,-0.5993,0.75462,0.90646,20
0.69514,-0.77196,-0.89854,0.65419,-0.45028,-0.79797,37
-0.01968,0.19708,-0.37355,-0.14481,-0.88712,-0.28552,17
-0.48461,-0.88024,0.23463,-0.22413,0.18644,-0.9949,11
0.13867,-0.2238,-0.65596,0.78355,-0.70114,0.77069,38
-0.64071,0.074121,-0.94376,0.34109,-0.6254,-0.38843,21
-0.58015,0.46345,0.19746,-0.55488,0.63735,0.24923,28
-0.23199,0.93813,-0.16616,0.54673,-0.026634,-0.5432,21
0.83357,0.20963,0.547,-0.87497,-0.92539,0.24414,58
0.33869,-0.2314,0.4685,-0.2456,0.36507,-0.79562,43
0.71955,0.42586,-0.11779,-0.81908,-0.94407,0.061058,50
0.16712,0.37589,0.67349,0.46443,0.75679,-0.83871,63
0.76131,0.14707,0.7575,-0.40097,-0.1516,0.17423,58
-0.21948,-0.095179,0.6496,0.59498,0.89247,-0.38536,15
-0.82561,-0.48658,-0.1817,-0.19197,-0.5929,-0.039273,1
0.43143,0.32633,0.12248,0.84885,-0.48182,-0.90838,61
-0.68248,0.63751,-0.7307,-0.34056,0.8687,-0.36718,19
-0.24031,-0.77134,0.44905,0.27772,0.61668,-0.71641,15
-0.044452,0.61496,0.29689,0.90824,-0.39575,0.84745,30
-0.16752,-0.92924,-0.31748,0.62544,0.082817,0.49915,8
