0.18216,-0.52176,3
-0.040617,0.050939,2
0.17309,-0.73873,3
-0.73546,-0.42092,1
-0.44453,-0.19895,1
-0.86066,0.41336,2
-0.78401,0.80214,2
0.43276,-0.14285,3
-0.9472,0.42764,2
0.079301,-0.72183,3
-0.40267,-0.79885,1
0.73699,-0.10378,3
0.090078,0.52101,4
0.9951,-0.53677,3
0.12215,0.61827,4
0.1242,-0.49518,3
-0.32979,-0.8324,1
-0.49535,0.026001,2
-0.14526,-0.99804,1
-0.54565,0.41623,2
-0.85825,0.47812,2
-0.1499,0.94664,2
-0.78717,0.32633,2
0.44624,-0.011567,3
-0.40321,-0.85275,1
-0.019277,0.06859,2
-0.60883,-0.71634,1
0.36165,0.60478,4
0.66165,0.1523,4
-0.55919,-0.57417,1
-0.98438,0.41411,2
-0.49819,-0.33398,1
0.25527,0.3382,4
-0.37837,0.5591,2
0.67241,-0.82685,3
0.70548,0.021313,4
-0.25652,-0.79265,1
-0.26933,0.29892,2
-0.96687,-0.369,1
0.099357,0.287,4
-0.69146,-0.90289,1
-0.77464,0.73399,2
-0.89332,-0.043681,1
-0.64143,0.58711,2
-0.68814,-0.54673,1
-0.92902,-0.33005,1
0.96486,0.52755,4
0.31661,0.70685,4
-0.22601,-0.12575,1
-0.87503,0.86066,2
-0.90551,0.15923,2
0.6099,-0.90181,3
-0.15444,-0.094277,1
-0.78348,-0.6792,1
-0.66593,0.46565,2
0.36039,-0.30529,3
-0.14553,-0.59764,1
-0.80638,0.68558,2
-0.21598,0.63559,2
-0.91049,-0.31271,1
-0.45795,-0.19275,1
0.0061594,-0.8788,3
-0.085041,-0.64223,1
0.53727,0.47184,4
-0.67954,0.13226,2
0.020088,0.64647,4
-0.71695,0.0023002,2
-0.62126,0.53572,2
-0.1802,0.019836,2
-0.70827,0.13614,2
0.12466,-0.63076,3
-0.089536,0.088802,2
0.88419,-0.59793,3
0.33999,0.11244,4
-0.79372,-0.71712,1
0.21421,-0.62798,3
-0.15934,0.52957,2
0.0012639,-0.85823,3
0.31161,-0.26137,3
-0.62856,0.75576,2
-0.28093,-0.79133,1
-0.03924,-0.28169,1
0.22957,-0.77208,3
-0.42889,0.75308,2
0.0055469,-0.74753,3
-0.44291,-0.49089,1
0.14478,-0.15619,3
-0.31542,0.33051,2
0.67832,-0.31059,3
0.37183,-0.573,3
0.63226,-0.25323,3
-0.69151,0.14205,2
-0.62961,0.9815,2
0.08519,-0.34567,3
-0.8772,-0.27559,1
0.076117,0.41247,4
-0.32801,-0.40213,1
-0.35109,-0.3006,1
-0.54029,0.98942,2
-0.99063,0.20853,2
0.37415,0.65762,4
0.50556,-0.93667,3
-0.32343,-0.70902,1
-0.060393,0.45546,2
0.59476,0.079488,4
0.29494,0.99053,4
-0.95404,-0.0087407,1
-0.43206,-0.23179,1
0.90879,-0.61125,3
0.76631,0.18033,4
-0.34956,0.53325,2
0.82127,0.84888,4
-0.04165,-0.72475,1
-0.59586,-0.98382,1
-0.4571,-0.044079,1
-0.51804,-0.6341,1
-0.88885,0.22068,2
-0.12573,0.24054,2
0.80917,-0.18074,3
0.051515,0.35441,4
0.090913,-0.60066,3
-0.546,0.61716,2
-0.9072,-0.89932,1
-0.74838,-0.65628,1
-0.56975,0.9612,2
0.74679,0.80075,4
0.97666,0.87946,4
-0.96447,0.81689,2
-0.11338,-0.11717,1
-0.26161,0.87761,2
0.072927,-0.52517,3
0.23305,-0.90097,3
-0.208,0.11453,2
-0.63227,-0.37336,1
0.17055,0.064155,4
-0.93341,-0.056783,1
0.78796,-0.033735,3
0.28882,0.14016,4
-0.81091,0.84688,2
0.10275,-0.52762,3
-0.74205,0.75216,2
-0.76236,0.46767,2
-0.4689,-0.84158,1
0.52582,0.67077,4
0.39644,-0.20471,3
0.1177,-0.32852,3
-0.48955,-0.99921,1
0.035738,-0.50839,3
0.8595,0.37589,4
-0.62936,0.70235,2
0.46841,-0.5179,3
0.74437,-0.25812,3
0.33891,-0.69915,3
-0.59261,0.607,2
-0.74167,0.43405,2
0.030066,0.40096,4
-0.73938,0.35771,2
0.6514,0.78409,4
0.047289,0.76606,4
-0.41715,0.25074,2
0.13625,-0.42244,3
-0.47873,-0.19379,1
0.16894,-0.94209,3
-0.53576,0.83297,2
-0.5619,0.3749,2
0.037012,0.81634,4
0.67083,-0.39583,3
0.28954,0.88965,4
-0.81162,0.72806,2
-0.73186,0.77203,2
-0.2194,-0.99972,1
-0.36087,-0.24552,1
0.78244,-0.75535,3
0.78258,0.86562,4
-0.94035,0.027415,2
-0.57896,-0.021327,1
-0.22329,-0.026158,1
-0.64725,0.14058,2
0.83737,0.089015,4
-0.6208,0.83422,2
0.46797,0.76877,4
0.91383,0.56744,4
-0.044564,-0.35455,1
0.62844,0.56887,4
-0.14356,-0.70963,1
0.6269,0.72045,4
0.5234,0.546,4
0.91921,0.55193,4
-0.3268,0.057397,2
0.53319,-0.099629,3
0.84324,-0.54674,3
0.62154,0.61736,4
0.62867,0.93186,4
0.8966,0.087064,4
-0.41863,0.80441,2
-0.11971,-0.4353,1
-0.78788,0.035511,2
0.75456,-0.34367,3
-0.3126,0.9836,2
0.81049,-0.49937,3
-0.59228,0.35751,2
-0.30079,0.5284,2
0.38096,-0.93555,3
0.84541,0.96454,4
0.37589,-0.81735,3
-0.31981,0.22815,2
-0.91991,-0.7013,1
-0.3365,0.041593,2
-0.047678,-0.81331,1
0.4608,0.5624,4
0.78726,0.54586,4
-0.98738,0.1963,2
-0.84653,-0.97091,1
-0.43642,-0.91595,1
0.071238,-0.63806,3
0.071571,0.94406,4
-0.14947,-0.4908,1
0.76727,0.50202,4
0.4547,-0.43753,3
-0.72808,-0.48896,1
-0.52973,-0.48427,1
0.010612,-0.40589,3
-0.27496,-0.98211,1
0.61724,0.97435,4
-0.16133,0.13292,2
0.88233,0.20368,4
-0.63509,0.07652,2
-0.034425,-0.91232,1
0.78849,-0.056959,3
-0.86853,0.079353,2
-0.44154,0.34591,2
-0.59445,0.068336,2
0.96963,-0.88986,3
-0.063092,0.2402,2
0.77634,0.16235,4
0.70785,0.091193,4
-0.79206,0.68656,2
-0.30011,-0.10523,1
-0.006609,0.20713,2
0.75779,-0.75277,3
0.96371,-0.49524,3
-0.3261,0.70071,2
0.5639,-0.96755,3
0.71743,-0.6875,3
-0.4375,0.64677,2
-0.60215,-0.54132,1
0.29323,-0.48161,3
0.12828,0.40158,4
-0.69085,0.93305,2
0.48435,-0.60344,3
-0.27981,0.49499,2
0.20935,-0.71899,3
-0.98701,-0.235,1
0.18103,-0.35342,3
0.46685,0.76757,4
-0.30865,0.31076,2
0.51866,-0.33285,3
-0.14606,-0.95678,1
-0.1536,-0.26198,1
-0.40129,0.94436,2
0.48212,0.058198,4
0.83417,0.48429,4
-0.1138,-0.30922,1
0.97397,-0.07882,3
0.59898,-0.57673,3
-0.37753,0.67392,2
-0.53379,-0.28038,1
-0.28213,-0.92582,1
-0.19066,0.37798,2
-0.0082034,-0.68842,1
0.40307,0.5975,4
0.682,-0.96948,3
-0.88185,0.17125,2
-0.093856,-0.0089674,1
-0.14489,0.99492,2
-0.15194,-0.73126,1
0.12735,0.34511,4
0.8796,-0.81011,3
-0.33936,-0.67646,1
0.89794,0.97666,4
-0.50823,0.61333,2
0.09681,-0.51072,3
0.4268,0.6926,4
0.76124,-0.9288,3
0.5634,0.071214,4
0.93152,-0.81705,3
0.10229,0.94181,4
0.81085,0.1662,4
0.30937,0.11148,4
-0.66198,-0.36405,1
-0.93868,0.69981,2
0.52156,0.060309,4
0.35524,-0.9658,3
-0.42337,-0.63021,1
-0.78797,-0.13306,1
0.37892,-0.84005,3
0.49891,-0.43868,3
0.11656,-0.49921,3
0.33047,-0.99878,3
-0.19188,0.38577,2
0.73218,0.54778,4
0.064803,0.6407,4
0.78968,0.70326,4
0.47942,-0.69695,3
0.045804,0.78007,4
0.43931,0.31643,4
0.77349,0.39227,4
-0.61098,0.12814,2
-0.14039,0.87936,2
0.7187,-0.49631,3
-0.93901,0.57377,2
-0.73384,-0.0094831,1
-0.18931,0.7818,2
-0.77528,-0.4476,1
0.4523,-0.96951,3
0.94962,-0.87022,3
-0.021867,0.79927,2
0.92053,0.2823,4
-0.72846,0.46054,2
0.40089,0.0087234,4
0.16572,0.11515,4
0.58347,-0.27221,3
0.075401,0.56527,4
0.95979,0.51373,4
-0.12069,0.40001,2
0.90054,0.92378,4
0.83656,0.53768,4
-0.15226,0.95585,2
-0.17896,0.18055,2
-0.96011,0.23852,2
-0.10301,0.27811,2
-0.60118,-0.34726,1
-0.32815,-0.93394,1
-0.43497,0.57635,2
0.3404,0.42038,4
-0.11965,-0.84194,1
0.2005,-0.70284,3
0.68704,0.37268,4
0.66554,0.070075,4
0.17111,-0.61757,3
-0.11893,-0.88809,1
-0.19918,0.22282,2
-0.85775,-0.89278,1
-0.065236,-0.57285,1
-0.19391,0.0053253,2
-0.59694,-0.81194,1
0.60545,-0.18219,3
0.3963,-0.95977,3
0.95082,-0.76107,3
-0.22897,0.88013,2
-0.16614,0.11772,2
0.03947,0.37292,4
-0.29342,-0.24446,1
0.090493,0.52624,4
0.77951,0.79278,4
0.46104,0.82038,4
-0.58698,-0.0070277,1
0.60031,0.52522,4
0.59062,0.41792,4
0.59818,0.90259,4
-0.36639,-0.51689,1
0.2259,0.12268,4
0.30458,-0.91245,3
-0.75955,0.84636,2
0.83735,0.89051,4
-0.26373,0.0018127,2
0.37675,0.17223,4
0.85668,0.54388,4
0.34974,-0.50134,3
0.87695,-0.24202,3
0.39822,-0.42279,3
-0.65828,0.077608,2
0.45781,0.89791,4
-0.18856,-0.2292,1
-0.36285,-0.90998,1
0.56129,0.36504,4
0.58098,-0.0099387,3
0.89802,-0.40698,3
-0.59363,-0.16822,1
0.065329,0.72502,4
0.54424,0.64204,4
0.032698,-0.65831,3
-0.54243,0.37027,2
0.99058,0.99533,4
0.77864,0.56872,4
0.15429,0.45009,4
0.076096,-0.37996,3
0.67995,-0.68106,3
0.82927,0.72864,4
0.63917,0.22069,4
-0.13438,-0.21982,1
0.71125,0.51118,4
-0.54879,0.43726,2
0.081032,0.29467,4
-0.3697,-0.58547,1
-0.76073,0.77106,2
-0.70898,0.43801,2
0.87321,-0.39474,3
-0.61002,-0.8728,1
0.29982,0.82559,4
