-0.31645,-0.01159,1
0.68856,0.083059,4
0.5377,0.035058,4
0.064995,-0.70762,3
-0.8209,-0.28131,1
0.85022,-0.27738,3
0.11589,-0.56841,3
-0.95218,-0.9263,1
0.29213,0.84836,4
-0.45258,-0.29136,1
-0.092647,-0.6084,1
0.79123,0.72818,4
-0.59191,-0.0038931,1
-0.77272,0.63985,2
0.23634,0.52664,4
0.35097,-0.76655,3
0.9777,0.032157,4
-0.35686,-0.33152,1
0.81445,0.37189,4
0.18094,0.57444,4
-0.84633,-0.43058,1
0.86118,-0.15999,3
0.084927,0.76471,4
-0.052278,0.52801,2
0.088952,-0.4302,3
0.054678,0.44776,4
0.32296,-0.94572,3
0.2889,0.12659,4
-0.65413,-0.91785,1
0.015075,-0.74784,3
-0.64363,0.6412,2
-0.068672,0.36322,2
-0.80879,-0.12234,1
0.81787,-0.20858,3
0.68603,0.75159,4
-0.59068,-0.52247,1
-0.55598,-0.21203,1
0.12962,-0.71304,3
-0.91745,0.34485,2
0.95832,-0.64878,3
-0.31117,0.99951,2
-0.40751,0.92886,2
0.85589,-0.86449,3
-0.51108,-0.8583,1
-0.18963,-0.50582,1
-0.6324,-0.3775,1
-0.82797,0.59587,2
0.82651,0.50573,4
-0.44538,-0.64219,1
0.55661,0.48104,4
-0.67569,-0.24634,1
0.33153,-0.36932,3
-0.45128,-0.59978,1
0.45051,0.1137,4
-0.88553,0.015915,2
0.32424,0.80904,4
-0.88781,-0.6711,1
0.31504,-0.94783,3
-0.30058,-0.72159,1
0.47163,-0.92729,3
-0.16418,0.13735,2
0.11087,0.54316,4
-0.62068,0.97435,2
-0.44465,0.69449,2
-0.027817,-0.66085,1
-0.90694,0.95592,2
0.69787,0.15701,4
-0.12277,0.62048,2
-0.6194,-0.97716,1
-0.70081,-0.60409,1
-0.74752,0.85008,2
-0.035578,-0.51488,1
0.98884,0.079139,4
0.6713,0.45207,4
0.75987,-0.79818,3
0.026525,0.14546,4
-0.97379,-0.57466,1
0.57849,-0.28371,3
0.82889,-0.11236,3
-0.87368,0.49871,2
-0.65002,0.82793,2
0.019111,0.93909,4
-0.13825,-0.23674,1
0.91775,-0.49641,3
0.96922,-0.45797,3
-0.69134,0.52913,2
-0.29379,0.68515,2
0.15371,-0.67051,3
-0.15555,-0.94012,1
0.015799,0.69476,4
0.75404,-0.68059,3
-0.87907,0.89048,2
0.83071,0.93502,4
-0.37488,0.15637,2
0.45827,-0.02793,3
-0.44978,-0.29214,1
0.45973,0.3188,4
0.56871,-0.23128,3
0.13441,-0.13021,3
-0.77806,0.2266,2
-0.7506,-0.93073,1
0.71142,-0.56239,3
0.86777,-0.95962,3
0.29731,0.52627,4
-0.63005,-0.22026,1
0.44465,-0.15466,3
-0.55191,0.099367,2
0.50549,-0.22308,3
0.99725,0.62127,4
0.84262,-0.12819,3
0.054534,0.16031,4
0.24529,0.94234,4
-0.36917,0.9842,2
0.76107,-0.59425,3
0.72058,-0.11096,3
-0.87887,-0.050502,1
0.099282,-0.40472,3
-0.23887,-0.43299,1
0.11369,0.67924,4
-0.63565,0.92419,2
0.58438,-0.57862,3
-0.76421,0.78347,2
-0.59394,-0.21605,1
-0.9521,0.30285,2
-0.883,-0.43228,1
-0.76164,0.88216,2
-0.097271,0.57363,2
0.79137,-0.61445,3
-0.79246,0.23008,2
0.99477,0.93759,4
0.84484,-0.43083,3
-0.74806,-0.27693,1
0.12322,-0.59278,3
0.15744,0.27754,4
0.56297,0.78564,4
-0.80125,-0.31661,1
-0.82188,-0.7512,1
0.88942,-0.30465,3
-0.14904,0.25344,2
0.63832,0.46968,4
0.56598,0.21306,4
0.6758,-0.84759,3
-0.7205,0.87964,2
-0.81654,-0.62122,1
-0.1143,0.14817,2
0.61621,0.81367,4
-0.71937,0.94677,2
-0.64051,0.71554,2
-0.6788,-0.74182,1
-0.53876,0.81404,2
-0.34391,-0.34497,1
-0.86444,0.16477,2
-0.22695,-0.71908,1
-0.43903,0.025449,2
-0.69363,-0.065341,1
-0.37345,-0.98937,1
-0.0014826,-0.42758,1
0.34182,-0.7131,3
-0.41685,-0.29295,1
-0.026339,-0.45666,1
0.38812,-0.057748,3
0.88464,0.5431,4
-0.77337,-0.95873,1
-0.2459,-0.54484,1
0.73335,0.96706,4
0.53586,-0.88078,3
0.65188,0.19101,4
-0.92619,0.99656,2
0.60811,0.20157,4
-0.80947,-0.89473,1
-0.29458,-0.75065,1
-0.53395,0.79029,2
0.96876,0.73683,4
-0.035316,0.097558,2
-0.43934,-0.47484,1
-0.15845,0.020695,2
-0.72199,-0.49245,1
0.56243,0.38027,4
0.64211,0.20825,4
-0.98806,0.57596,2
-0.28278,-0.024723,1
0.85586,-0.92328,3
0.11718,0.58004,4
-0.65941,-0.58125,1
-0.20463,-0.54672,1
0.26142,0.083276,4
0.527,0.64519,4
0.97096,0.89819,4
0.95537,-0.51845,3
-0.11173,0.79239,2
0.83596,0.82206,4
0.44752,0.48884,4
-0.69012,-0.25148,1
0.13864,0.095708,4
0.05911,-0.72473,3
0.87908,0.15055,4
0.38525,0.15123,4
0.078845,0.16695,4
0.83745,0.84046,4
-0.83817,0.066202,2
-0.38115,-0.51821,1
-0.26728,0.09047,2
-0.97651,-0.74525,1
0.090316,-0.85044,3
-0.22885,0.66122,2
-0.069712,0.44631,2
-0.89477,-0.83218,1
0.9611,0.11516,4
0.75074,0.050211,4
-0.37477,0.014623,2
-0.83646,-0.93519,1
-0.7868,0.92074,2
-0.77744,0.8553,2
-0.37167,0.92883,2
0.49344,0.066764,4
0.73565,-0.74672,3
-0.099239,0.46458,2
0.4708,0.89947,4
-0.60918,-0.48147,1
-0.61219,-0.43246,1
-0.26511,-0.10589,1
-0.30152,-0.68276,1
-0.39584,0.13716,2
0.099521,-0.10093,3
-0.97461,0.77485,2
-0.28154,-0.57034,1
0.36999,-0.6641,3
-0.58492,-0.0087322,1
-0.63832,0.033251,2
-0.41177,-0.18761,1
-0.98878,-0.52641,1
-0.31043,0.072727,2
0.65681,0.92428,4
-0.95542,-0.48713,1
-0.93936,-0.43362,1
-0.25129,-0.93707,1
-0.86928,0.75221,2
0.70609,-0.45123,3
-0.2729,-0.88048,1
0.41737,0.5041,4
-0.31498,0.85838,2
-0.42917,-0.15214,1
-0.98902,-0.34979,1
-0.45993,0.37765,2
0.11641,-0.58588,3
-0.20958,0.10304,2
0.6903,-0.010931,3
-0.49287,0.17472,2
0.84038,0.67048,4
-0.71008,0.36826,2
-0.032169,0.76477,2
-0.59603,-0.44129,1
-0.77564,-0.50009,1
-0.84213,-0.62378,1
-0.80408,-0.98329,1
-0.11315,0.31491,2
-0.012127,-0.25637,1
-0.4111,-0.66775,1
0.42066,-0.48164,3
-0.957,-0.635,1
-0.38082,-0.64386,1
0.68557,-0.54446,3
0.094917,-0.80718,3
-0.88966,0.08821,2
0.020332,0.67239,4
-0.41149,-0.30672,1
-0.66735,0.8252,2
0.35857,0.36784,4
-0.60637,0.65207,2
-0.20821,0.84971,2
0.45553,0.43789,4
0.61987,0.54086,4
0.20297,-0.85196,3
-0.73838,-0.62263,1
-0.97822,-0.3719,1
-0.41485,-0.33122,1
-0.032231,-0.06939,1
-0.84866,-0.80948,1
-0.83302,-0.31155,1
0.95899,-0.85368,3
0.24854,-0.35317,3
0.64582,0.323,4
0.56202,-0.99416,3
0.020476,-0.43127,3
0.21392,-0.85431,3
-0.4351,0.42152,2
0.87199,0.68254,4
0.23374,0.95666,4
-0.1863,0.23434,2
-0.89964,-0.5502,1
-0.79031,-0.54338,1
-0.11212,-0.012946,1
-0.95247,0.86269,2
-0.42286,0.25611,2
-0.57021,-0.6372,1
-0.55698,0.032019,2
-0.61463,-0.18175,1
0.67831,0.73814,4
-0.067912,-0.79117,1
0.086278,-0.56475,3
0.16163,0.51866,4
-0.81131,0.94649,2
-0.87198,0.61766,2
0.97362,0.14087,4
-0.43234,0.61921,2
-0.7162,-0.24272,1
-0.96244,-0.52038,1
0.74142,-0.11533,3
-0.65251,-0.41391,1
-0.65693,0.28872,2
-0.25461,0.83225,2
-0.63498,0.34279,2
-0.11798,0.56746,2
0.15735,0.8398,4
0.67232,0.46396,4
0.17659,-0.087333,3
0.84806,0.48439,4
-0.037432,0.98118,2
0.24369,0.34771,4
-0.11659,0.45427,2
0.82502,-0.72934,3
0.42082,0.63469,4
0.20559,0.85836,4
0.68678,-0.83412,3
0.81299,0.84443,4
0.15597,0.52003,4
-0.58481,-0.49465,1
-0.33382,-0.93044,1
0.84002,0.18666,4
-0.017685,-0.72001,1
0.6903,0.76128,4
-0.016848,0.28696,2
-0.9035,-0.91762,1
0.17685,-0.61118,3
0.95978,0.24903,4
-0.69707,0.053305,2
0.25385,-0.41949,3
0.28883,-0.20976,3
-0.78755,-0.50686,1
-0.40205,0.99678,2
-0.22093,0.76659,2
0.90873,0.48194,4
0.15351,-0.50692,3
-0.82528,-0.82224,1
-0.78568,-0.80774,1
0.90737,0.76295,4
0.61069,-0.55218,3
-0.1434,-0.88993,1
0.34498,0.2175,4
-0.57614,0.50808,2
0.040329,0.81107,4
0.95108,-0.031946,3
0.66085,0.43709,4
-0.56804,-0.90632,1
-0.10315,-0.39092,1
0.14536,-0.82569,3
0.1416,-0.19933,3
0.86105,-0.60129,3
-0.48981,-0.0029263,1
0.31268,-0.51642,3
0.56249,-0.61745,3
-0.76806,0.20357,2
0.052778,-0.038788,3
-0.17531,-0.23694,1
0.0045848,-0.16198,3
-0.86937,0.89391,2
-0.46093,0.2225,2
-0.5,-0.5964,1
0.33736,-0.46643,3
-0.89985,-0.40059,1
0.94627,0.42292,4
-0.24863,0.019035,2
0.74374,-0.57476,3
0.38858,0.16112,4
-0.94084,0.75144,2
-0.82546,-0.74734,1
-0.81007,0.98491,2
0.12845,0.14662,4
0.13208,-0.84897,3
-0.37878,0.8494,2
-0.77361,0.3226,2
0.53721,-0.48327,3
-0.7236,-0.97738,1
0.17006,0.65566,4
0.017355,-0.60638,3
0.020246,0.82078,4
-0.28133,-0.47587,1
-0.88904,-0.38493,1
-0.32761,-0.142,1
0.8997,0.69904,4
0.89667,-0.24738,3
-0.14136,0.33817,2
0.4841,0.46237,4
0.11523,0.78934,4
0.82801,0.87705,4
0.47282,0.7447,4
-0.21214,-0.094901,1
-0.87893,0.10167,2
0.62123,0.15484,4
-0.36716,-0.028839,1
